0         0.1389568750677803    0.1389568750677803    0.9805008790117399    0.07694897769070502   
1         0.1389568750677803    0.3922892614448117    0.9092855009437253    0.06492038251415876   
2         0.1389568750677803    0.5370965613008791    0.8319965569100441    0.03189219412229221   
3         0.1389568750677803    0.6504264506287718    0.7467505736146811    0.04170476279331965   
4         0.1389568750677803    0.7467505736146811    0.6504264506287717    0.04170476279331965   
5         0.1389568750677803    0.8319965569100441    0.5370965613008791    0.03189219412229221   
6         0.1389568750677803    0.9092855009437253    0.3922892614448117    0.06492038251415876   
7         0.1389568750677803    0.9805008790117399    0.1389568750677806    0.07694897769070502   
8         0.3922892614448117    0.1389568750677803    0.9092855009437253    0.06492038251415876   
9         0.3922892614448117    0.3922892614448117    0.8319965569100441    0.05954487058725626   
10        0.3922892614448117    0.5370965613008791    0.7467505736146811    0.02125209706188888   
11        0.3922892614448117    0.6504264506287718    0.6504264506287717    0.05126598264908037   
12        0.3922892614448117    0.7467505736146811    0.5370965613008789    0.02125209706188888   
13        0.3922892614448117    0.8319965569100441    0.3922892614448117    0.05954487058725626   
14        0.3922892614448117    0.9092855009437253    0.1389568750677802    0.06492038251415876   
15        0.5370965613008791    0.1389568750677803    0.8319965569100441    0.03189219412229221   
16        0.5370965613008791    0.3922892614448117    0.746750573614681     0.02125209706188888   
17        0.5370965613008791    0.5370965613008791    0.6504264506287717    0.01630008775630633   
18        0.5370965613008791    0.6504264506287718    0.5370965613008789    0.01630008775630633   
19        0.5370965613008791    0.7467505736146811    0.3922892614448115    0.02125209706188888   
20        0.5370965613008791    0.8319965569100441    0.1389568750677802    0.03189219412229221   
21        0.6504264506287718    0.1389568750677803    0.7467505736146811    0.04170476279331965   
22        0.6504264506287718    0.3922892614448117    0.6504264506287717    0.05126598264908037   
23        0.6504264506287718    0.5370965613008791    0.537096561300879     0.01630008775630633   
24        0.6504264506287718    0.6504264506287718    0.3922892614448116    0.05126598264908037   
25        0.6504264506287718    0.7467505736146811    0.1389568750677798    0.04170476279331965   
26        0.7467505736146811    0.1389568750677803    0.6504264506287717    0.04170476279331965   
27        0.7467505736146811    0.3922892614448117    0.5370965613008789    0.02125209706188888   
28        0.7467505736146811    0.5370965613008791    0.3922892614448115    0.02125209706188888   
29        0.7467505736146811    0.6504264506287718    0.1389568750677798    0.04170476279331965   
30        0.8319965569100441    0.1389568750677803    0.5370965613008791    0.03189219412229221   
31        0.8319965569100441    0.3922892614448117    0.3922892614448118    0.05954487058725626   
32        0.8319965569100441    0.5370965613008791    0.1389568750677804    0.03189219412229221   
33        0.9092855009437253    0.1389568750677803    0.3922892614448117    0.06492038251415876   
34        0.9092855009437253    0.3922892614448117    0.1389568750677803    0.06492038251415876   
35        0.9805008790117399    0.1389568750677803    0.1389568750677804    0.07694897769070502  