0.961556 0.257648 0.0950125 0.623268
0.926836 0.248345 0.281604 0.600741
0.858654 0.230076 0.458017 0.556503
0.759484 0.203503 0.617876 0.492151
0.632931 0.169593 0.755404 0.410013
0.483622 0.129586 0.865631 0.313059
0.317109 0.0849692 0.944575 0.204806
0.140262 0.037583 0.989401 0.089328
0.703908 0.703908 0.0950125 0.623268
0.678491 0.678491 0.281604 0.600741
0.628578 0.628578 0.458017 0.556503
0.555981 0.555981 0.617876 0.492151
0.463338 0.463338 0.755404 0.410013
0.354036 0.354036 0.865631 0.313059
0.23214 0.23214 0.944575 0.204806
0.102679 0.102679 0.989401 0.089328
0.257648 0.961556 0.0950125 0.623268
0.248345 0.926836 0.281604 0.600741
0.230076 0.858654 0.458017 0.556503
0.203503 0.759484 0.617876 0.492151
0.169593 0.632931 0.755404 0.410013
0.129586 0.483622 0.865631 0.313059
0.0849692 0.317109 0.944575 0.204806
0.037583 0.140262 0.989401 0.089328