0.990683 0.0975737 0.0950125 0.233725
0.95491 0.0940505 0.281604 0.225278
0.884663 0.0871317 0.458017 0.208688
0.782489 0.0770685 0.617876 0.184557
0.652104 0.0642266 0.755404 0.153755
0.498271 0.0490754 0.865631 0.117397
0.326715 0.0321786 0.944575 0.0768022
0.14451 0.014233 0.989401 0.033498
0.952611 0.288971 0.0950125 0.233725
0.918214 0.278537 0.281604 0.225278
0.850666 0.258047 0.458017 0.208688
0.752419 0.228244 0.617876 0.184557
0.627044 0.190212 0.755404 0.153755
0.479123 0.14534 0.865631 0.117397
0.314159 0.0952992 0.944575 0.0768022
0.138957 0.0421521 0.989401 0.033498
0.877932 0.469264 0.0950125 0.233725
0.846231 0.45232 0.281604 0.225278
0.783978 0.419045 0.458017 0.208688
0.693433 0.370648 0.617876 0.184557
0.577887 0.308887 0.755404 0.153755
0.441562 0.23602 0.865631 0.117397
0.289531 0.154757 0.944575 0.0768022
0.128063 0.0684513 0.989401 0.033498
0.769513 0.631523 0.0950125 0.233725
0.741727 0.60872 0.281604 0.225278
0.687163 0.56394 0.458017 0.208688
0.607799 0.498808 0.617876 0.184557
0.506522 0.415692 0.755404 0.153755
0.387033 0.317629 0.865631 0.117397
0.253776 0.208269 0.944575 0.0768022
0.112248 0.0921199 0.989401 0.033498
0.631523 0.769513 0.0950125 0.233725
0.60872 0.741727 0.281604 0.225278
0.56394 0.687163 0.458017 0.208688
0.498808 0.607799 0.617876 0.184557
0.415692 0.506522 0.755404 0.153755
0.317629 0.387033 0.865631 0.117397
0.208269 0.253776 0.944575 0.0768022
0.0921199 0.112248 0.989401 0.033498
0.469264 0.877932 0.0950125 0.233725
0.45232 0.846231 0.281604 0.225278
0.419045 0.783978 0.458017 0.208688
0.370648 0.693433 0.617876 0.184557
0.308887 0.577887 0.755404 0.153755
0.23602 0.441562 0.865631 0.117397
0.154757 0.289531 0.944575 0.0768022
0.0684513 0.128063 0.989401 0.033498
0.288971 0.952611 0.0950125 0.233725
0.278537 0.918214 0.281604 0.225278
0.258047 0.850666 0.458017 0.208688
0.228244 0.752419 0.617876 0.184557
0.190212 0.627044 0.755404 0.153755
0.14534 0.479123 0.865631 0.117397
0.0952992 0.314159 0.944575 0.0768022
0.0421521 0.138957 0.989401 0.033498
0.0975737 0.990683 0.0950125 0.233725
0.0940505 0.95491 0.281604 0.225278
0.0871317 0.884663 0.458017 0.208688
0.0770685 0.782489 0.617876 0.184557
0.0642266 0.652104 0.755404 0.153755
0.0490754 0.498271 0.865631 0.117397
0.0321786 0.326715 0.944575 0.0768022
0.014233 0.14451 0.989401 0.033498